-9985
-9964
-9960
-9956
-9934
-9905
-9905
-9892
-9864
-9851
-9844
-9790
-9786
-9739
-9737
-9712
-9672
-9669
-9648
-9631
-9612
-9577
-9572
-9564
-9552
-9543
-9526
-9510
-9493
-9419
-9416
-9408
-9369
-9366
-9364
-9352
-9350
-9347
-9337
-9336
-9313
-9306
-9277
-9272
-9272
-9258
-9245
-9234
-9230
-9191
-9178
-9171
-9165
-9151
-9124
-9115
-9096
-9076
-9070
-9057
-9056
-9041
-8995
-8993
-8993
-8990
-8989
-8985
-8980
-8967
-8948
-8938
-8932
-8892
-8883
-8859
-8826
-8822
-8798
-8785
-8764
-8756
-8728
-8704
-8699
-8663
-8647
-8633
-8629
-8602
-8591
-8569
-8556
-8520
-8490
-8476
-8467
-8430
-8427
-8426
-8416
-8399
-8360
-8337
-8324
-8323
-8309
-8298
-8293
-8290
-8290
-8287
-8263
-8244
-8236
-8232
-8218
-8205
-8187
-8184
-8171
-8148
-8129
-8127
-8086
-8084
-8060
-8041
-8011
-8006
-7976
-7966
-7951
-7951
-7894
-7865
-7862
-7855
-7843
-7820
-7803
-7799
-7788
-7771
-7750
-7748
-7740
-7734
-7732
-7684
-7671
-7660
-7625
-7612
-7603
-7573
-7570
-7561
-7542
-7540
-7531
-7527
-7520
-7517
-7504
-7500
-7490
-7441
-7426
-7421
-7403
-7393
-7356
-7354
-7348
-7325
-7321
-7306
-7280
-7279
-7251
-7247
-7244
-7197
-7196
-7187
-7178
-7139
-7137
-7132
-7114
-7055
-7044
-7029
-7021
-6973
-6966
-6956
-6949
-6942
-6900
-6873
-6841
-6840
-6826
-6799
-6782
-6769
-6767
-6744
-6743
-6738
-6732
-6732
-6732
-6718
-6715
-6714
-6689
-6661
-6656
-6587
-6562
-6547
-6536
-6513
-6507
-6483
-6479
-6464
-6368
-6367
-6365
-6360
-6350
-6345
-6336
-6331
-6301
-6297
-6292
-6273
-6207
-6183
-6183
-6179
-6154
-6147
-6122
-6114
-6109
-6105
-6094
-6070
-6061
-6060
-6028
-5985
-5968
-5957
-5954
-5953
-5939
-5899
-5890
-5866
-5831
-5816
-5806
-5779
-5741
-5714
-5711
-5697
-5684
-5680
-5679
-5675
-5638
-5545
-5519
-5517
-5510
-5489
-5469
-5453
-5429
-5428
-5423
-5416
-5403
-5401
-5392
-5376
-5368
-5322
-5282
-5272
-5262
-5232
-5229
-5215
-5207
-5178
-5138
-5133
-5075
-5027
-5027
-5025
-5024
-5019
-5011
-5008
-4997
-4977
-4973
-4950
-4929
-4914
-4912
-4909
-4902
-4895
-4878
-4873
-4863
-4854
-4846
-4845
-4816
-4805
-4803
-4777
-4775
-4742
-4731
-4711
-4707
-4688
-4687
-4662
-4657
-4645
-4637
-4636
-4629
-4594
-4569
-4567
-4562
-4534
-4525
-4522
-4504
-4486
-4474
-4462
-4460
-4458
-4448
-4431
-4398
-4393
-4381
-4379
-4349
-4314
-4252
-4246
-4179
-4133
-4131
-4117
-4085
-4043
-4018
-3992
-3968
-3949
-3916
-3844
-3842
-3820
-3820
-3809
-3791
-3789
-3786
-3782
-3768
-3753
-3711
-3645
-3594
-3578
-3563
-3547
-3546
-3545
-3519
-3516
-3482
-3464
-3456
-3386
-3362
-3350
-3334
-3295
-3291
-3288
-3266
-3187
-3185
-3176
-3159
-3138
-3134
-3095
-3094
-3029
-3025
-3022
-3021
-3017
-2977
-2973
-2960
-2948
-2935
-2935
-2926
-2909
-2878
-2862
-2833
-2809
-2800
-2790
-2786
-2784
-2760
-2754
-2752
-2698
-2678
-2667
-2663
-2632
-2584
-2560
-2551
-2545
-2515
-2506
-2483
-2438
-2398
-2376
-2376
-2335
-2328
-2321
-2317
-2317
-2313
-2309
-2285
-2280
-2262
-2242
-2204
-2180
-2162
-2158
-2155
-2140
-2119
-2062
-2054
-2041
-1966
-1941
-1932
-1918
-1895
-1863
-1850
-1772
-1745
-1737
-1735
-1731
-1727
-1704
-1691
-1690
-1689
-1665
-1659
-1645
-1616
-1593
-1571
-1554
-1524
-1521
-1513
-1497
-1476
-1472
-1441
-1440
-1435
-1432
-1430
-1418
-1418
-1416
-1402
-1395
-1388
-1369
-1357
-1341
-1339
-1330
-1318
-1272
-1236
-1227
-1222
-1172
-1134
-1102
-1100
-1087
-1018
-1015
-1006
-972
-971
-968
-962
-888
-860
-847
-840
-811
-789
-769
-754
-698
-697
-688
-667
-666
-653
-651
-618
-571
-564
-553
-489
-415
-406
-372
-365
-342
-340
-325
-323
-316
-314
-285
-272
-268
-263
-250
-233
-206
-200
-192
-176
-163
-145
-143
-139
-135
-129
-94
-65
-63
-16
6
8
33
52
102
111
120
127
128
130
131
146
154
159
215
278
288
294
326
339
340
371
378
378
380
390
391
393
412
457
461
465
473
496
549
582
599
603
607
614
614
629
633
634
637
652
656
664
664
664
673
675
684
710
719
728
738
751
753
793
821
829
836
853
860
868
889
952
956
975
982
989
1021
1031
1058
1067
1094
1097
1103
1111
1155
1156
1161
1162
1169
1174
1177
1201
1213
1219
1220
1228
1228
1229
1243
1251
1255
1260
1270
1279
1290
1303
1330
1333
1370
1425
1441
1463
1498
1504
1536
1539
1572
1572
1581
1591
1598
1627
1631
1680
1682
1706
1713
1734
1743
1759
1805
1858
1896
1904
1904
1910
1948
2004
2010
2013
2014
2014
2018
2022
2037
2054
2097
2102
2102
2122
2138
2147
2218
2220
2228
2241
2260
2263
2267
2324
2327
2328
2335
2336
2388
2389
2394
2399
2401
2423
2440
2486
2504
2509
2529
2543
2556
2587
2599
2599
2615
2666
2675
2683
2687
2702
2728
2734
2745
2753
2777
2799
2806
2887
2899
2906
2911
2965
3033
3052
3130
3140
3150
3201
3276
3306
3317
3327
3359
3365
3441
3461
3514
3525
3526
3545
3554
3564
3565
3589
3596
3625
3647
3704
3710
3771
3776
3857
3859
3977
3996
4020
4123
4161
4228
4270
4303
4370
4376
4377
4398
4434
4445
4457
4484
4491
4495
4516
4546
4566
4639
4671
4731
4753
4834
4838
4854
4887
4891
4892
4945
4998
5025
5075
5184
5192
5203
5224
5225
5241
5293
5297
5306
5311
5391
5413
5448
5450
5526
5575
5575
5607
5656
5681
5703
5739
5764
5790
5817
5830
5836
5837
5837
5853
5905
5974
5998
6108
6117
6123
6242
6244
6261
6279
6312
6333
6370
6454
6504
6539
6550
6596
6603
6658
6674
6849
6855
7005
7017
7019
7025
7032
7064
7095
7110
7115
7125
7183
7209
7463
7475
7530
7586
7644
7703
7808
7828
7890
7893
7963
7971
7991
8008
8031
8032
8054
8146
8169
8195
8204
8234
8255
8289
8316
8342
8348
8363
8396
8428
8430
8562
8604
8607
8617
8633
8644
8662
8676
8685
8689
8690
8707
8725
8799
8814
8839
8900
8945
8952
9014
9110
9131
9191
9335
9337
9445
9469
9500
9501
9518
9525
9539
9597
9603
9652
9666
9675
9689
9702
9718
9743
9761
9784
9790
9795
9799
9804
9935
9938
